$ 1 0.000005 10.20027730826997 50 5 43
i -32 272 80 272 0 0.01
w 256 272 256 288 0
r 256 176 368 176 0 10000
r 256 288 256 384 0 10000
w 368 176 368 224 0
w 112 176 -32 176 0
w -32 176 -32 272 0
r 176 272 256 272 0 100
r 256 176 176 176 0 100
w 256 176 256 208 0
g 256 384 256 400 0
w 176 176 112 176 0
w 176 272 80 272 0
p 176 176 176 272 1 0
a 256 224 368 224 8 5 0 1000000 0.002447943085212468 0.0024479920445637624 100000
a 368 240 480 240 9 5 0 1000000 0.004871528770290029 0.0048959351294291815 100000
r 368 304 368 384 0 100
w 368 384 256 384 0
w 368 256 368 304 0
r 368 304 480 304 0 50000
w 480 240 480 304 0
w 480 240 544 240 0
w 368 384 544 384 0
p 544 240 544 384 1 0
174 80 208 80 272 0 0.01 0.5099 Resistance
w 256 240 256 272 0
w 96 240 112 240 0
w 112 240 112 176 0
